
candidateEffectors <- c( 
  bgh00021,
  bgh00034,
  bgh00044,
  bgh00065,
  bgh00249,
  bgh01006,
  bgh01043,
  bgh01044,
  bgh01055,
  bgh01193,
  bgh01194,
  bgh01677,
  bgh02076,
  bgh02310,
  bgh02361,
  bgh02531,
  bgh02701,
  bgh02923,
  bgh02924,
  bgh02928,
  bgh02939,
  bgh02945,
  bgh02998,
  bgh03351,
  bgh03376,
  bgh03452,
  bgh03464,
  bgh03568,
  bgh03572,
  bgh03579,
  bgh03582,
  bgh03613,
  bgh03636,
  bgh03679,
  bgh03689,
  bgh03694,
  bgh03695,
  bgh03735,
  bgh03786,
  bgh03857,
  bgh03874,
  bgh03901,
  bgh03922,
  bgh03995,
  bgh04018,
  bgh04020,
  bgh04024,
  bgh04026,
  bgh04046,
  bgh04077,
  bgh04078,
  bgh04081,
  bgh04093,
  bgh04095,
  bgh04225,
  bgh04257,
  bgh04266,
  bgh04830,
  bgh04942,
  bgh04996,
  bgh04998,
  bgh05065,
  bgh05066,
  bgh05069,
  bgh05086,
  bgh05096,
  bgh05102,
  bgh05108,
  bgh05223,
  bgh05270,
  bgh05491,
  bgh05609,
  bgh05665,
  bgh05844,
  bgh05925,
  bgh06602,
  bgh06624,
  bgh06734,
  bgh06766,
  bgh06899,
  bghG000071000001001,
  bghG000122000001001,
  bghG000447000001001,
  bghG000792000001001,
  bghG000802000001001,
  bghG000803000001001,
  bghG000855000001001,
  bghG000860000001001,
  bghG000897000001001,
  bghG000918000003001,
  bghG000924000001001,
  bghG000925000001001,
  bghG001398000001001,
  bghG001414000001001,
  bghG001423000001001,
  bghG001435000001001,
  bghG001631000001001,
  bghG001641000002001,
  bghG002097000002001,
  bghG002102000001001,
  bghG002118000001001,
  bghG002135000001001,
  bghG002218000001001,
  bghG002226000001001,
  bghG002227000001001,
  bghG002228000001001,
  bghG002237000001001,
  bghG002240000001001,
  bghG002249000002001,
  bghG002439000001001,
  bghG002591000002001,
  bghG002912000002001,
  bghG002914000001001,
  bghG002926000001001,
  bghG003452000001001,
  bghG003565000001001,
  bghG003799000001001,
  bghG003843000001001,
  bghG003939000001001,
  bghG004129000003001,
  bghG004165000001001,
  bghG004225000001001,
  bghG004231000001001,
  bghG004268000001001,
  bghG004360000001001,
  bghG004360000002001,
  bghG004363000001001,
  bghG004374000001001,
  bghG004377000001001,
  bghG004459000001001,
  bghG004904000001001,
  bghG004913000001001,
  bghG004922000001001,
  bghG004933000001001,
  bghG004981000001001,
  bghG004982000001001,
  bghG004983000003001,
  bghG004983000004001,
  bghG004984000001001,
  bghG005335000001001,
  bghG005420000001001,
  bghG005435000001001,
  bghG005750000001001,
  bghG005786000001001,
  bghG005808000001001,
  bghG005940000001001,
  bghG005940000002001,
  bghG005942000001001,
  bghG006029000001001,
  bghG006236000001001,
  bghG006273000001001,
  bghG006289000001001,
  bghG006297000001001,
  bghG006307000001001,
  bghG006335000001001,
  bghG006402000005001,
  bghG006452000001001,
  bghG006466000001001,
  bghG006513000002001,
  bghG006578000001001,
  bghG006578000002001,
  bghG006623000001001,
  bghG006977000001001,
  bghG007518000001001,
  bghG008117000001001,
  bghG008993000001001,
  bghG009249000001001
)

purpleGenes <- names(dynamicColors)[dynamicColors == "purple"]

intersect(candidateEffectors, purpleGenes)


length(intersect(candidateEffectors, purpleGenes))

table(dynamicColors[candidateEffectors])


sum(candidateEffectors %in% names(dynamicColors))
